0.010000000000000016 0.00020167921995674966
0.01944941862590802 0.00010349832504828786
0.04463143616455009 0.00004518231094112987
0.08585369247784705 0.000024388758131869113
0.11310236025118489 0.000019135248724869052
0.14574959021309988 0.00001552784743545033
0.1760486518767707 0.000013399639388944622
0.21264641487028169 0.000011726595165626622
0.24657452954414022 0.000011086234680326713
0.27658492173912014 0.000011008688538575678
0.3126325120735033 0.000011809198302938049
0.32816684823319475 0.00001447526171601884
0.3340826038030108 0.00001737348663723469
0.32153414516612133 0.000024678066960939302
0.29631707148699254 0.00003408327822345721
0.2614824721237668 0.0000541678056629108
0.22898294632109123 0.0000860877040963593
0.20052277034106405 0.00012142742803489393
0.17249046664403378 0.0001876388432348037
0.1399175297699065 0.0003407562327906664
0.10379666077095624 0.0006779460732937542
0.07739475624289105 0.001348796688267091
0.0548366195922387 0.0031315868442148365
0.03985789155339484 0.006318482215219149
0.029871661376453026 0.01188437218283504
0.023024880926980434 0.020692187594676257
0.018021299871968818 0.036027702672564235
0.01421347225927624 0.06056536202124622
0.011948834058730328 0.08542795066308656
0.010070692243292139 0.129258910074453
