0.010024327299153408 0.0009093812544374583
0.01518325992691673 0.0006013943175749547
0.020902094299831434 0.00044439540424477816
0.027737114779970005 0.0003488861068074118
0.03818453101033385 0.000260425635706843
0.05199130669282149 0.0002024102749871208
0.06410492844839785 0.00017401431280773306
0.07904374748211362 0.00016719581108386029
0.0915647572449857 0.00018503918943995004
0.09711884507620847 0.00024068834395597343
0.09466097143326668 0.00032265268022194023
0.08604602020138803 0.0004982030611872903
0.07937115280638057 0.0007023978148388245
0.06557424549124045 0.001175659957257852
0.056824904587166714 0.001760912758867006
0.04746658971830357 0.002746111673279681
0.04098252142329151 0.004154900455248091
0.03423279697488017 0.00622274067250031
0.026667523210764342 0.01106529850479221
0.02123699154221232 0.018707531843033063
0.017609505724275196 0.02858973980741204
0.014709451593959392 0.044585183352114297
0.012514636512969657 0.06544093805650461
0.010225607816193683 0.10102271376409785
